seeds: [79 93] [55 68]

98 100 -48
50 98  +2

seeds: [81 95] [57 70]

15 52 -15
52 54 -15
0  15 +39

seeds: [81 95] [57 70]

53 61 -4
11 53 -11
0 7   +42
7 11  +50

seeds: [81 95] [53 57] [61 70]

18 25 +70
25 95 -7

seeds: [74 88] [46 50] [54 63]  { [74] [77] }

77 100 -32
45 64  +36
64 77  +4

seeds: [45 56] [82 86] [90 99] [78 81]

69 70 -69
0 69  +1

seeds: [46 57] [82 86] [90 99] [78 81]

56 93 +4
93 97 -37

seeds: [60 61] [86 90] [94 97] [82 85] [46 56] [56 60] [97 99]

1   56     15
-----|
    |-------
    

1 2 3 4 5

        105


seeds: 1 2 3 4 5 6 7 9

map: 3   4   5
     |   |   |
    103 104 105

--> [3 5] [1 3] [5 10]



3 4  1 2 




1 2 3 4 5 6 7 8 9 10 11 [1 13]

  2 3 4 5 6 7 8 9 10 11
    

